GenderCode,Female,,,,
,,,,,
Count of FirstName,Column Labels,,,,
Row Labels,HIGH,LOW,MED,VERY HIGH,Grand Total
BPC,13,20,52,3,88
CCDR,7,23,44,7,81
EW,12,22,51,11,96
MSC,13,11,51,7,82
NEL,10,19,46,4,79
PL,10,20,44,6,80
PYZ,10,25,46,5,86
SVG,11,27,52,14,104
TNS,10,28,38,5,81
WBL,9,19,57,3,88
Grand Total,105,214,481,65,865
